0.009132
0.005755
0.003797
0.004165
0.008995
0.009107
0.005418
0.009577
0.007068
0.004552
0.004448
0.007827
0.005444
0.009463
0.004145
0.005250
0.009408
0.009318
0.004368
0.008700
0.004142
0.009193
0.004396
0.009368
0.004663
0.008769
0.005168
0.011292
0.009745
0.004361
0.008740
0.004396
0.007299
0.004092
0.005041
0.008965
0.010164
0.004523
0.009722
0.009739
0.004408
0.008763
0.004504
0.008398
0.005068
0.008474
0.008549
0.004597
0.004281
0.009283
0.007204
0.004187
0.004276
0.006069
0.004286
0.008572
0.004614
0.009109
0.009010
0.008288
0.004388
0.009086
0.007527
0.004663
0.006778
0.005683
0.007964
0.006371
0.009018
0.004233
0.010061
0.004560
0.007250
0.009383
0.004546
0.009181
0.004114
0.008433
0.004058
0.008250
0.008010
0.008742
0.004093
0.008388
0.004150
0.005761
0.009131
0.004280
0.008789
0.009045
0.008806
0.011265
0.009247
0.009421
0.008976
0.008820
0.004544
0.009460
0.009211
0.004394
0.009955
0.003941
0.008466
0.004263
0.004917
0.004255
0.003288
0.004311
0.008809
0.008896
0.004374
0.009004
0.008933
0.004531
0.008802
0.009021
0.004658
0.005058
0.008570
0.004103
0.004250
0.004043
0.008376
0.004816
0.009044
0.009959
0.005248
0.004887
0.004170
0.008241
0.007905
0.005702
0.004195
0.006619
0.004932
0.004198
0.004109
0.009168
0.004103
0.004767
0.008750
0.008317
0.009295
0.009109
0.004094
0.004227
0.008907
0.003977
0.004305
0.008590
0.009694
0.004418
0.008757
0.010002
0.004579
0.006740
0.007180
0.004534
0.008708
0.009837
0.004562
0.006274
0.003945
0.004579
0.007172
0.005544
0.008876
0.008458
0.009061
0.004527
0.003532
0.004878
0.004706
0.004012
0.008218
0.009132
0.007366
0.003615
0.004062
0.009137
0.004870
0.004748
0.008971
0.009186
0.009641
0.005725
0.004074
0.006131
0.007116
0.004436
0.004319
0.004541
0.009024
0.004377
0.003870
0.009201
0.008961
0.004680
0.004122
0.009320
0.006712
0.009136
0.004092
0.004580
0.004529
0.003545
0.008268
0.004372
0.007944
0.009051
0.004084
0.003738
0.003866
0.008670
0.009135
0.004336
0.009334
0.008261
0.011319
0.004903
0.008172
0.010181
0.011050
0.004448
0.003739
0.004304
0.004501
0.004322
0.005004
0.003979
0.004116
0.008892
0.003749
0.004402
0.008835
0.006055
0.003879
0.004975
0.008941
0.008775
0.008983
0.004546
0.005524
0.008496
0.009192
0.008841
0.004158
0.004615
0.009047
0.007092
0.008615
0.008566
0.009114
0.008707
0.009204
0.005067
0.009028
0.004449
0.009460
0.008832
0.008877
0.007595
0.008963
0.009704
0.005104
0.004149
0.004941
0.003881
0.009462
0.003913
0.004501
0.004815
0.008578
0.009143
0.008561
0.008866
0.009019
0.007999
0.003947
0.008981
0.009323
0.005804
0.010030
0.004575
0.008951
0.004593
0.004192
0.009156
0.004642
0.004305
0.005783
0.004713
0.008777
0.004637
0.004140
0.004417
0.004235
0.004948
0.004044
0.009307
0.005036
0.008073
0.006118
0.008234
0.008533
0.009344
0.004229
0.005839
0.008621
0.008253
0.004309
0.009448
0.004761
0.009121
0.004197
0.009056
0.009566
0.003894
0.004399
0.004867
0.008920
0.009336
0.004117
0.003867
0.004396
0.003642
0.004712
0.009062
0.005573
0.004281
0.005922
0.004120
0.004614
0.004710
0.008941
0.004179
0.004205
0.005108
0.009814
0.003523
0.008851
0.004145
0.009331
0.004690
0.006998
0.003928
0.004293
0.009794
0.003699
0.006410
0.005677
0.008539
0.004446
0.004431
0.008965
0.007792
0.003937
0.004700
0.003826
0.004437
0.003726
0.008633
0.008983
0.009340
0.003615
0.008249
0.004320
0.003980
0.009141
0.009374
0.004116
0.005851
0.006568
0.008598
0.004816
0.008806
0.009311
0.003936
0.004311
0.009788
0.004839
0.009443
0.004443
0.004494
0.007083
0.003852
0.003795
0.005893
0.008989
0.009534
0.007246
0.008865
0.008985
0.008969
0.008919
0.006116
0.009028
0.004640
0.003247
0.009119
0.009160
0.009286
0.003639
0.009105
0.007576
0.004654
0.004274
0.006845
0.003369
0.007053
0.003814
0.003472
0.004135
0.009398
0.008561
0.008669
0.009114
0.009159
0.004604
0.005869
0.004113
0.009716
0.009832
0.013886
0.004435
0.004151
0.009425
0.004451
0.007670
0.004537
0.004381
0.009540
0.008178
0.009217
0.004649
0.004387
0.009151
0.009077
0.009024
0.009291
0.004598
0.004471
0.004279
0.008386
0.009813
0.009100
0.009103
0.009930
0.003975
0.004220
0.009942
0.008903
0.009066
0.008853
0.008281
0.004973
0.008993
0.008489
0.004362
0.003872
0.008940
0.004411
0.006105
0.009180
0.003866
0.009279
0.004801
0.003972
0.008608
0.006855
0.004972
0.005542
0.008952
0.005039
0.008658
0.004260
0.003808
0.009523
0.008909
0.004177
0.009082
0.004284
0.005162
0.004269
0.004703
0.008177
0.007688
0.004303
0.009611
0.009436
0.009882
0.009638
0.006468
0.009075
0.008772
0.009111
0.009354
0.009422
0.008575
0.005016
0.004429
0.004126
0.004200
0.004768
0.008976
0.008961
0.008703
0.008818
0.004203
0.009188
0.005083
0.005596
0.004193
0.008497
0.008743
0.008481
0.008872
0.004364
0.008143
0.006714
0.004430
0.008972
0.007421
0.004041
0.008223
0.006103
0.009443
0.003810
0.003597
0.009414
0.009326
0.008974
0.003860
0.004772
0.004378
0.009154
0.007320
0.005923
0.004148
0.004195
0.008646
0.008658
0.007282
0.005923
0.004826
0.008629
0.008413
0.004378
0.005824
0.006626
0.009012
0.004371
0.004438
0.004781
0.009268
0.004946
0.004605
0.004955
0.009704
0.007957
0.008707
0.004456
0.008311
0.004287
0.004432
0.004511
0.003741
0.004149
0.007501
0.004808
0.007517
0.003500
0.008749
0.008459
0.003892
0.010032
0.008310
0.009334
0.008796
0.007983
0.004190
0.009359
0.008922
0.003800
0.008335
0.008474
0.009074
0.009089
0.004639
0.006978
0.003917
0.008513
0.007733
0.009183
0.009607
0.004323
0.007751
0.003610
0.007907
0.009017
0.006148
0.009258
0.004285
0.008708
0.004605
0.008876
0.004708
0.008814
0.004579
0.009664
0.009054
0.004271
0.004239
0.004497
0.009037
0.005295
0.005235
0.005885
0.009676
0.005352
0.009200
0.006864
0.004590
0.005455
0.008531
0.004923
0.009337
0.009893
0.009806
0.009744
0.008805
0.003934
0.004785
0.009328
0.008640
0.005004
0.006243
0.009824
0.003930
0.009640
0.008600
0.009234
0.005005
0.005074
0.006979
0.007695
0.008811
0.008859
0.004003
0.010222
0.008946
0.004361
0.008584
0.008810
0.003729
0.009096
0.008803
0.010734
0.005137
0.004846
0.006688
0.009506
0.004511
0.008839
0.009139
0.003849
0.009385
0.008968
0.004118
0.009009
0.009247
0.009008
0.009116
0.004052
0.004952
0.005353
0.004573
0.004419
0.008992
0.006845
0.004405
0.009130
0.008877
0.008975
0.009065
0.008174
0.009552
0.005323
0.004113
0.004225
0.004420
0.009252
0.009623
0.004105
0.004189
0.009880
0.003650
0.004096
0.003926
0.003897
0.007838
0.004758
0.009103
0.004180
0.003882
0.003791
0.005037
0.008586
0.004649
0.008697
0.008685
0.007308
0.007401
0.004153
0.009559
0.009293
0.009461
0.008316
0.004043
0.009846
0.003925
0.008717
0.007121
0.009081
0.007059
0.009825
0.003907
0.008771
0.005049
0.009067
0.004796
0.004573
0.004830
0.009349
0.010011
0.008857
0.004304
0.009617
0.008446
0.004614
0.008878
0.004441
0.004478
0.004087
0.008664
0.009417
0.009150
0.005970
0.004466
0.008649
0.006963
0.004293
0.008386
0.008744
0.004556
0.009582
0.008928
0.004125
0.003763
0.009140
0.009543
0.004503
0.009444
0.004357
0.004196
0.003765
0.004267
0.007979
0.008440
0.008897
0.004017
0.007614
0.004062
0.009233
0.004873
0.003989
0.004942
0.004592
0.008747
0.006526
0.004572
0.004026
0.004581
0.003510
0.009580
0.004443
0.008226
0.004618
0.009196
0.009076
0.008751
0.009128
0.008931
0.009136
0.008584
0.003917
0.004691
0.003967
0.009509
0.009588
0.008989
0.004627
0.004311
0.003539
0.009247
0.010876
0.006121
0.005494
0.009291
0.009490
0.004488
0.004634
0.009249
0.004160
0.006854
0.003996
0.009120
0.008401
0.004675
0.008471
0.004009
0.004476
0.006967
0.008982
0.004048
0.006720
0.009521
0.004387
0.009132
0.004329
0.008943
0.004937
0.009757
0.009006
0.008195
0.008883
0.004738
0.008953
0.007373
0.003616
0.008819
0.008366
0.003649
0.009196
0.009000
0.004203
0.003966
0.009126
0.009016
0.009828
0.004199
0.008712
0.008082
0.004721
0.004061
0.007799
0.005626
0.006708
0.004461
0.009147
0.003811
0.004105
0.004573
0.005023
0.004196
0.004156
0.004709
0.008207
0.004674
0.005465
0.009212
0.009332
0.009408
0.009983
0.005107
0.004014
0.004760
0.004015
0.004127
0.004123
0.004650
0.008896
0.004420
0.009410
0.008320
0.004060
0.008928
0.008884
0.009398
0.010377
0.009317
0.004607
0.009316
0.008630
0.004744
0.004837
0.008585
0.004013
0.007634
0.009579
0.009087
0.009464
0.005366
0.008515
0.004376
0.004295
0.008791
0.009191
0.004218
0.005576
0.008561
0.004215
0.009662
0.004191
0.008911
0.004222
0.009625
0.004800
0.006355
0.007022
0.009074
0.004342
0.004457
0.008990
0.004001
0.003566
0.005102
0.007168
0.009403
0.009165
0.003673
0.004211
0.004063
0.009901
0.008898
0.004107
0.009468
0.008899
0.004464
0.008722
0.005001
0.009245
0.004357
0.007381
0.004786
0.003700
0.009238
0.004893
0.008898
0.006479
0.008703
0.004825
0.004117
0.009003
0.004945
0.007328
0.008947
0.008509
0.008908
0.008915
0.008509
0.008222
0.009428
0.010076
0.009476
0.008694
0.004304
0.009199
0.004447
0.008534
0.004244
0.004013
0.008927
0.003967
0.008117
0.006029
0.003885
0.004089
0.004166
0.007421
0.004398
0.003845
0.004500
0.008548
0.006361
0.008730
0.006421
0.008891
0.004553
0.004289
0.008800
0.006087
0.004091
0.006318
0.003870
0.005827
0.004229
0.004269
0.009571
0.004482
0.004490
0.009463
0.011077
0.005363
0.009690
0.005347
0.004806
0.004768
0.008991
0.009232
0.008809
0.003255
0.009395
0.009609
0.007982
0.008992
0.008565
0.008954
0.004241
0.003968
0.009487
0.009400
0.004437
0.006195
0.009155
0.008127
0.004476
0.004115
0.009709
0.009543
0.004295
0.004155
0.004191
0.009255
0.009253
0.009227
0.004041
0.007564
0.004364
0.003548
0.004536
0.004253
0.003727
0.003602
0.009758
0.006306
0.005353
0.003884
0.009356
0.008575
0.004961
0.004178
0.004483
0.009194
0.008521
0.009084
0.004296
0.008983
0.004032
0.004239
0.008618
0.004445
0.004172
0.003772
0.004685
0.009057
0.008747
0.003950
0.004766
0.008611
0.010077
0.004311
0.004671
0.004176
0.006640
0.005267
0.009201
0.009456
0.008942
0.009593
0.004106
0.004630
0.009180
0.004194
0.008725
0.003785
0.003590
0.009729
0.003305
0.003755
0.009576
0.005059
0.004137
0.008723
0.005460
0.004331
0.004209
0.004019
0.008919
0.008845
0.004278
0.009518
0.004956
0.008826
0.009831
0.003949
0.003555
0.004077
0.009118
0.003787
0.004288
0.004020
0.008825
0.008762
0.004593
0.003949
0.009461
0.004263
0.008764
0.008615
0.004858
0.003678
0.004010
0.004363
0.005807
0.008916
0.008989
0.004006
0.008768
0.005119
0.007405
0.008891
0.006048
0.008304
0.007441
0.008702
0.004223
0.008757
0.009782
0.008803
0.005258
0.007303
0.009236
0.004615
0.008838
0.008771
0.004145
0.008348
0.008776
0.004008
0.009197
0.008914
0.006614
0.008906
0.004345
0.004004
0.004117
0.008583
0.004260
0.008359
0.009241
0.004012
0.004556
0.007821
0.009165
0.004342
0.003802
0.008639
0.008537
0.004438
0.009630
0.008387
0.004538
0.004173
0.008573
0.004198
0.004787
0.009255
0.008843
0.009791
0.004086
0.004569
0.010082
0.004334
0.008828
0.007201
0.003998
0.005445
0.004134
0.004623
0.008314
0.004283
0.004533
0.008710
0.008886
0.004360
0.009218
0.009352
0.004549
0.009077
0.010485
0.008787
0.008415
0.008430
0.008888
0.008682
0.009488
0.004819
0.003705
0.004654
0.004569
0.014252
0.010028
0.011279
0.005100
0.008531
0.004738
0.009050
0.009181
0.003840
0.009553
0.004392
0.003882
0.004396
0.008541
0.009451
0.004051
0.009088
0.005843
0.004860
0.004166
0.004133
0.009207
0.011314
0.006036
0.004011
0.008794
0.007440
0.004482
0.008855
0.005320
0.009357
0.009252
0.008978
0.005728
0.008440
0.007836
0.008581
0.003921
0.009337
0.009415
0.005182
0.009121
0.009550
0.008931
0.008912
0.007561
0.004132
0.003995
0.008526
0.003934
0.008726
0.009614
0.008606
0.008638
0.004534
0.009161
0.009006
0.005155
0.003783
0.004881
0.004354
0.008181
0.005175
0.005363
0.007562
0.004450
0.008803
0.004334
0.009648
0.004486
0.004090
0.004154
0.004367
0.009155
0.004136
0.009466
0.005655
0.003778
0.009164
0.004279
0.004634
0.009401
0.006664
0.003678
0.005322
0.004053
0.004605
0.008782
0.009034
0.009778
0.009273
0.008586
0.008312
0.008595
0.009159
0.009153
0.003904
0.009671
0.009777
0.004686
0.008900
0.004246
0.004647
0.008566
0.009132
0.009607
0.004395
0.004997
0.009046
0.004113
0.008206
0.003765
0.004399
0.004057
0.008364
0.004424
0.005861
0.009610
0.004079
0.008603
0.009348
0.009434
0.004756
0.004186
0.008980
0.003956
0.009291
0.009168
0.004612
0.004255
0.008402
0.007260
0.009340
0.005709
0.009746
0.009392
0.004672
0.008554
0.008833
0.004154
0.009455
0.009921
0.004257
0.008555
0.004224
0.004541
0.008717
0.008825
0.009346
0.004401
0.009456
0.008346
0.003743
0.004073
0.004760
0.004831
0.004949
0.008754
0.004293
0.004550
0.004673
0.006462
0.003664
0.005307
0.005231
0.009023
0.004743
0.004727
0.009969
0.008779
0.004493
0.009093
0.009196
0.004831
0.009340
0.008071
0.004610
0.005710
0.006182
0.009141
0.009189
0.009264
0.008524
0.006526
0.008533
0.004746
0.004637
0.009524
0.008735
0.005863
0.003339
0.008539
0.008294
0.010040
0.005404
0.004096
0.009010
0.009222
0.004817
0.004129
0.009677
0.003871
0.005805
0.008633
0.006736
0.005049
0.005150
0.004745
0.003859
0.004584
0.004306
0.009398
0.004270
0.006069
0.008783
0.008401
0.005074
0.003614
0.005254
0.004467
0.006624
0.008556
0.009160
0.006816
0.004236
0.004779
0.004129
0.005165
0.008061
0.005839
0.010224
0.008384
0.009781
0.009098
0.009411
0.004155
0.009602
0.004912
0.004440
0.009032
0.008840
0.004286
0.008654
0.005228
0.009224
0.009523
0.004304
0.003809
0.004982
0.004000
0.004057
0.004475
0.004155
0.008666
0.008507
0.004294
0.009319
0.004091
0.004515
0.005269
0.008767
0.008738
0.009300
0.008838
0.004529
0.009110
0.009998
0.005337
0.004643
0.004773
0.004185
0.004822
0.008556
0.004236
0.006200
0.004564
0.006341
0.004492
0.004795
0.008634
0.004573
0.009071
0.007207
0.004668
0.004619
0.003668
0.008622
0.004201
0.004080
0.009072
0.008535
0.008874
0.003892
0.005368
0.009051
0.004667
0.004423
0.004831
0.009000
0.004553
0.009384
0.009224
0.004544
0.004375
0.004197
0.003989
0.008714
0.006468
0.004195
0.004523
0.009087
0.004593
0.009045
0.008490
0.004437
0.004512
0.003739
0.009232
0.003758
0.009417
0.003735
0.009039
0.004310
0.004273
0.004115
0.008646
0.004202
0.004780
0.009242
0.005230
0.004400
0.009147
0.009034
0.004162
0.009354
0.009508
0.007449
0.008509
0.004176
0.005127
0.008241
0.008409
0.009320
0.008061
0.009164
0.005856
0.004907
0.009005
0.008895
0.009305
0.005153
0.004015
0.004096
0.009550
0.005471
0.008460
0.003994
0.003946
0.006409
0.003733
0.009346
0.008580
0.009051
0.005666
0.008863
0.007738
0.003893
0.009233
0.009315
0.004384
0.004342
0.004974
0.004720
0.004591
0.004717
0.004368
0.007934
0.009003
0.004666
0.010042
0.008925
0.004426
0.009341
0.009147
0.009190
0.008844
0.004179
0.004280
0.004487
0.005584
0.003774
0.003409
0.004371
0.010428
0.005647
0.009009
0.009288
0.008503
0.004556
0.006160
0.008628
0.008685
0.003905
0.005686
0.004740
0.004002
0.008496
0.004367
0.009315
0.009698
0.004395
0.008718
0.004387
0.004239
0.009606
0.005491
0.009363
0.009933
0.009259
0.009318
0.006302
0.007852
0.009557
0.003840
0.009364
0.004197
0.005964
0.007678
0.008251
0.009772
0.004677
0.004503
0.003925
0.007873
0.004669
0.004779
0.009640
0.009028
0.005371
0.003967
0.004534
0.008552
0.009430
0.008213
0.008552
0.009105
0.005397
0.004236
0.009556
0.009902
0.009197
0.009280
0.008770
0.004700
0.003882
0.009026
0.007731
0.009109
0.004317
0.010412
0.008605
0.008381
0.009513
0.006455
0.008730
0.004458
0.009454
0.005000
0.004547
0.006921
0.007974
0.004175
0.003520
0.004421
0.003952
0.008561
0.008722
0.009126
0.010085
0.004198
0.003978
0.004797
0.008715
0.004006
0.004103
0.004647
0.008853
0.007266
0.008839
0.005678
0.006218
0.009665
0.003719
0.004791
0.010216
0.008999
0.009161
0.008772
0.010095
0.009268
0.008848
0.008589
0.004157
0.006707
0.004771
0.009176
0.009316
0.003569
0.008923
0.009058
0.003859
0.009273
0.004378
0.006834
0.004979
0.008888
0.009806
0.005387
0.009151
0.004504
0.008966
0.008550
0.008900
0.005873
0.008601
0.005664
0.004066
0.004075
0.008997
0.008562
0.008019
0.007566
0.009248
0.005500
0.009654
0.010206
0.008300
0.003535
0.009128
0.005015
0.009161
0.008814
0.004012
0.004419
0.009603
0.008833
0.009576
0.004480
0.009437
0.009770
0.004474
0.004875
0.009140
0.004370
0.004548
0.005801
0.005485
0.009364
0.009544
0.009160
0.009075
0.004267
0.004466
0.004534
0.003949
0.008930
0.004252
0.003463
0.008620
0.008323
0.004684
0.009104
0.004874
0.004432
0.004735
0.008514
0.008047
0.004762
0.003792
0.009105
0.009028
0.008656
0.009717
0.008886
0.004330
0.010386
0.004330
0.005075
0.009166
0.008223
0.003910
0.004005
0.004278
0.009687
0.005142
0.004017
0.007626
0.005008
0.004794
0.004166
0.009559
0.009230
0.008541
0.006284
0.008434
0.004349
0.004090
0.009174
0.008345
0.009615
0.004573
0.008962
0.003917
0.004871
0.003658
0.004328
0.004296
0.008144
0.004380
0.009259
0.004210
0.009455
0.009739
0.008858
0.005086
0.009049
0.004246
0.004482
0.009528
0.007467
0.004872
0.006148
0.008769
0.008437
0.005805
0.004779
0.003337
0.008786
0.004008
0.004401
0.008552
0.004081
0.008893
0.005076
0.005384
0.008312
0.008759
0.008848
0.004647
0.003912
0.004496
0.008707
0.010169
0.004028
0.008852
0.008769
0.009162
0.004562
0.004347
0.005535
0.009094
0.008920
0.004350
0.004609
0.008915
0.006644
0.011173
0.005079
0.005281
0.004694
0.008912
0.009118
0.009154
0.004394
0.007572
0.004580
0.004319
0.009837
0.004476
0.004556
0.008669
0.004401
0.009291
0.004664
0.009678
0.004942
0.009180
0.004309
0.009807
0.009659
0.004433
0.008935
0.004488
0.009119
0.008520
0.003999
0.008405
0.009550
0.004270
0.008616
0.004074
0.009244
0.004704
0.003832
0.004498
0.008797
0.009446
0.004410
0.004885
0.003643
0.004266
0.008837
0.004882
0.008644
0.009650
0.003719
0.004900
0.004446
0.008681
0.004454
0.008981
0.007505
0.004483
0.004242
0.008819
0.008830
0.008582
0.004240
0.009337
0.009441
0.004504
0.004719
0.009524
0.008404
0.004224
0.004263
0.004287
0.006529
0.012469
0.005257
0.004545
0.005379
0.004632
0.008887
0.007643
0.004479
0.008832
0.008771
0.004885
0.009343
0.009266
0.007209
0.008123
0.007503
0.008846
0.008508
0.005914
0.009033
0.009920
0.004597
0.009024
0.003367
0.004533
0.003866
0.008798
0.008878
0.005605
0.005612
0.008213
0.004413
0.009589
0.008998
0.008743
0.008786
0.004159
0.004596
0.004025
0.004196
0.008750
0.004012
0.004987
0.006458
0.003978
0.008061
0.004446
0.004008
0.008939
0.008319
0.005116
0.008699
0.008402
0.007473
0.009996
0.004857
0.009689
0.005107
