0.001879
0.000859
0.000865
0.000854
0.000886
0.000957
0.001155
0.000857
0.000964
0.001298
0.000856
0.000870
0.000856
0.000871
0.000890
0.000864
0.001266
0.001416
0.001429
0.000853
0.000907
0.001418
0.000875
0.000866
0.000884
0.010712
0.010895
0.010305
0.000870
0.001344
0.000860
0.001357
0.000859
0.000860
0.000861
0.000855
0.000846
0.001179
0.001259
0.001103
0.001383
0.001079
0.002249
0.001323
0.001284
0.000928
0.000843
0.000856
0.001373
0.000852
0.001356
0.000895
0.000877
0.001331
0.000920
0.001290
0.001276
0.000855
0.001265
0.001055
0.001279
0.001000
0.000880
0.001397
0.001194
0.000856
0.001358
0.000863
0.000860
0.000863
0.000859
0.000857
0.001368
0.000920
0.000865
0.000854
0.000858
0.000866
0.000853
0.001345
0.001142
0.000848
0.001292
0.001345
0.000860
0.000856
0.000871
0.000858
0.000847
0.001251
0.001128
0.000858
0.001053
0.001668
0.001315
0.000867
0.000847
0.000861
0.001110
0.000857
0.001289
0.000848
0.001320
0.000864
0.000846
0.000894
0.000917
0.000865
0.000861
0.001228
0.001322
0.010193
0.005765
0.000880
0.001216
0.001001
0.000872
0.006180
0.000858
0.000876
0.000875
0.001399
0.000876
0.000964
0.000860
0.000968
0.000898
0.001200
0.001219
0.001076
0.001532
0.000875
0.000866
0.001459
0.000866
0.001325
0.000986
0.001714
0.001302
0.000858
0.001376
0.001553
0.001403
0.001054
0.000858
0.001364
0.000977
0.000924
0.001374
0.001559
0.001201
0.001348
0.000858
0.000869
0.000851
0.000866
0.000858
0.001269
0.001251
0.000858
0.001323
0.000859
0.000847
0.001293
0.000887
0.001375
0.000856
0.001208
0.001035
0.000873
0.000863
0.000857
0.000859
0.000868
0.000870
0.000864
0.001322
0.000888
0.000930
0.000850
0.000883
0.001396
0.000851
0.001406
0.000897
0.001254
0.000862
0.000862
0.001190
0.000867
0.000923
0.000869
0.001245
0.001310
0.000853
0.000991
0.000906
0.000858
0.000863
0.006648
0.000849
0.000859
0.000860
0.001360
0.001293
0.000856
0.001399
0.001317
0.000848
0.001131
0.001316
0.001101
0.001496
0.001292
0.000855
0.001109
0.001165
0.001235
0.001391
0.000860
0.012263
0.015514
0.010339
0.000881
0.000867
0.000855
0.001396
0.000887
0.000852
0.000857
0.000855
0.000879
0.000847
0.000856
0.000874
0.000945
0.001319
0.000861
0.000929
0.000858
0.001297
0.001300
0.000859
0.000872
0.001239
0.001269
0.001198
0.000858
0.001388
0.000859
0.000875
0.000973
0.001166
0.000883
0.000861
0.001340
0.000918
0.001333
0.000924
0.001314
0.000864
0.001202
0.001200
0.001285
0.000859
0.000855
0.000851
0.000946
0.000848
0.000854
0.000861
0.000859
0.001291
0.001321
0.000856
0.005264
0.000857
0.000856
0.000851
0.000850
0.000856
0.000857
0.001122
0.000906
0.000880
0.000860
0.000852
0.000861
0.000853
0.000882
0.002355
0.000859
0.001132
0.000855
0.000866
0.001248
0.001072
0.000860
0.000850
0.000855
0.000868
0.000864
0.001395
0.000867
0.001239
0.000856
0.001312
0.001278
0.000851
0.000855
0.001076
0.000859
0.001284
0.000851
0.001149
0.001314
0.000857
0.000851
0.000857
0.000852
0.000968
0.004371
0.000852
0.001281
0.001127
0.000867
0.000857
0.000904
0.001278
0.000895
0.000921
0.001217
0.000862
0.000860
0.001305
0.000855
0.001191
0.000861
0.000857
0.000975
0.001335
0.000866
0.001204
0.000857
0.001425
0.001290
0.000878
0.000857
0.000943
0.000865
0.000862
0.000941
0.000903
0.000866
0.001352
0.001285
0.000859
0.000865
0.001443
0.001295
0.000856
0.001138
0.000864
0.001316
0.001315
0.001208
0.000916
0.000862
0.000875
0.001330
0.000870
0.001283
0.001295
0.000852
0.001217
0.000895
0.000880
0.000870
0.000860
0.000908
0.001124
0.000881
0.000873
0.001287
0.000885
0.000863
0.000882
0.001155
0.001522
0.000852
0.000923
0.001405
0.001142
0.001252
0.000871
0.000877
0.000867
0.000855
0.000868
0.001318
0.001287
0.001337
0.000885
0.001324
0.000883
0.000889
0.001640
0.000865
0.000863
0.001290
0.000890
0.001418
0.001317
0.000857
0.000859
0.000863
0.001088
0.000926
0.000886
0.000850
0.000855
0.015726
0.010507
0.010715
0.005306
0.000892
0.000860
0.000875
0.001106
0.000858
0.001116
0.000915
0.000861
0.001036
0.000876
0.000868
0.001323
0.000847
0.000927
0.000856
0.000857
0.001392
0.001371
0.001290
0.000858
0.000905
0.000850
0.001405
0.000905
0.000877
0.000875
0.000849
0.000849
0.000879
0.000991
0.000854
0.000948
0.000910
0.000853
0.001240
0.000865
0.001211
0.000852
0.000857
0.000858
0.001319
0.000921
0.000853
0.000995
0.000860
0.000858
0.001312
0.000888
0.001171
0.001259
0.000860
0.000858
0.001165
0.000899
0.000881
0.001312
0.000942
0.000852
0.001351
0.001932
0.000905
0.000852
0.001315
0.000886
0.000869
0.001109
0.000855
0.000852
0.000985
0.000867
0.001953
0.000852
0.001366
0.001165
0.000864
0.001343
0.000875
0.000863
0.000856
0.001028
0.001922
0.001217
0.000846
0.000860
0.001228
0.001309
0.000859
0.000862
0.001103
0.000910
0.001142
0.001383
0.000859
0.000866
0.000857
0.001373
0.000867
0.000859
0.000860
0.000859
0.001329
0.001444
0.000956
0.001285
0.001009
0.000858
0.001312
0.000873
0.000865
0.000879
0.000855
0.001299
0.000861
0.005205
0.000859
0.001410
0.001085
0.000856
0.000862
0.000859
0.001301
0.000850
0.000863
0.001084
0.001438
0.001388
0.000875
0.000855
0.000854
0.000857
0.000866
0.001304
0.001883
0.000866
0.000859
0.000860
0.000862
0.001400
0.000857
0.002719
0.000850
0.000863
0.000858
0.000867
0.000911
0.001329
0.000882
0.002011
0.001174
0.001282
0.000872
0.001380
0.000850
0.001193
0.001314
0.000910
0.001586
0.001603
0.000848
0.000852
0.001425
0.001062
0.000853
0.000859
0.000860
0.000870
0.000857
0.000963
0.000856
0.001322
0.000859
0.000850
0.001274
0.000870
0.000857
0.000907
0.001369
0.000860
0.001120
0.001083
0.001499
0.000864
0.001099
0.001536
0.001198
0.001297
0.000849
0.000919
0.015347
0.010742
0.013328
0.012936
0.000862
0.000870
0.000907
0.001354
0.000865
0.001275
0.000887
0.001222
0.000869
0.000863
0.000858
0.000913
0.001380
0.000864
0.000863
0.000883
0.000861
0.000861
0.000854
0.000851
0.001294
0.000888
0.000860
0.001399
0.000865
0.000863
0.000854
0.001356
0.000883
0.001277
0.001318
0.000859
0.001194
0.001006
0.001344
0.001420
0.001325
0.001245
0.001440
0.001468
0.000954
0.000920
0.000853
0.000859
0.000883
0.000896
0.000865
0.001067
0.000867
0.001318
0.001319
0.000860
0.000870
0.001007
0.001306
0.000990
0.001715
0.000922
0.001243
0.000862
0.000885
0.001326
0.000859
0.001013
0.000863
0.001286
0.001684
0.000871
0.000871
0.001285
0.001416
0.000857
0.000894
0.000881
0.001105
0.000858
0.000932
0.000861
0.000906
0.000901
0.000895
0.000856
0.001334
0.001154
0.000900
0.000858
0.000867
0.000863
0.000881
0.000903
0.000960
0.000959
0.001253
0.000860
0.001029
0.001234
0.000859
0.001415
0.000868
0.000887
0.001312
0.000896
0.000879
0.000880
0.001201
0.001418
0.000911
0.000857
0.001157
0.000848
0.000862
0.000855
0.000955
0.000872
0.001349
0.000869
0.001124
0.001320
0.000874
0.000858
0.000878
0.001385
0.000869
0.000884
0.000868
0.000884
0.000865
0.001332
0.000855
0.000866
0.005290
0.001401
0.000866
0.001505
0.000854
0.000862
0.000860
0.000899
0.000864
0.001159
0.000866
0.000856
0.000867
0.000856
0.001062
0.000852
0.001309
0.001493
0.001336
0.000874
0.001439
0.001449
0.000854
0.000867
0.001401
0.001578
0.000865
0.000863
0.000895
0.000926
0.001231
0.001256
0.001137
0.000893
0.000865
0.000859
0.000851
0.001312
0.001220
0.000885
0.001084
0.000861
0.000863
0.001317
0.000887
0.000865
0.001162
0.000989
0.000862
0.000870
0.000858
0.001424
0.000874
0.001392
0.000860
0.000865
0.001352
0.000895
0.014228
0.012098
0.013195
0.009792
0.001335
0.001521
0.001079
0.001260
0.000872
0.001336
0.001044
0.001215
0.001300
0.000864
0.000909
0.000867
0.000862
0.000876
0.001123
0.000857
0.000893
0.001210
0.000854
0.000854
0.000886
0.000865
0.001242
0.000860
0.001320
0.000868
0.001328
0.001267
0.000851
0.001416
0.000895
0.001375
0.001307
0.000875
0.000856
0.001037
0.000854
0.001268
0.000860
0.001399
0.001196
0.001110
0.001292
0.001135
0.001166
0.000859
0.000908
0.001448
0.000851
0.000855
0.001025
0.000863
0.000879
0.000869
0.000873
0.000857
0.000896
0.000859
0.000855
0.001184
0.000923
0.000974
0.001335
0.000880
0.001379
0.000857
0.000868
0.000861
0.000884
0.000934
0.000879
0.000865
0.001334
0.001338
0.001097
0.000888
0.000859
0.000862
0.000929
0.000872
0.000862
0.001548
0.000871
0.000876
0.000867
0.000868
0.000920
0.000876
0.000937
0.001340
0.001354
0.000856
0.000869
0.001337
0.001410
0.001131
0.000876
0.001271
0.000999
0.000863
0.000850
0.000870
0.000863
0.000862
0.000867
0.000851
0.000866
0.001281
0.000856
0.001036
0.001303
0.001476
0.001015
0.000855
0.001325
0.000913
0.000862
0.001268
0.000872
0.001290
0.000868
0.001207
0.000880
0.000858
0.001248
0.001322
0.000858
0.001258
0.001322
0.000856
0.000869
0.000884
0.000859
0.000870
0.001512
0.001315
0.000869
0.000852
0.001307
0.000866
0.000860
0.001100
0.001000
0.000862
0.000846
0.000861
0.000858
0.000913
0.000841
0.001129
0.000892
0.000862
0.001417
0.001440
0.000872
0.000875
0.001380
0.001380
0.000859
0.000911
0.000869
0.000865
0.000855
0.000865
0.001286
0.000932
0.001249
0.001293
0.000874
0.000876
0.000856
0.000863
0.000855
0.001423
0.000848
0.000858
0.000861
0.000863
0.001182
0.001325
0.001523
0.000861
0.000845
0.000859
0.001141
0.000873
0.000867
0.000846
0.000887
0.000860
0.000867
0.013758
0.007132
0.006456
0.005653
0.006354
0.006849
0.007174
0.006150
0.005852
0.006263
0.005594
0.005261
0.004688
0.005228
0.004909
0.006017
0.005852
0.004942
0.006797
0.004941
0.005379
0.005021
0.005715
0.004903
0.006549
0.005286
0.006085
0.004599
0.005944
0.006317
0.004492
0.005312
0.005659
0.004662
0.005025
0.005259
0.005212
0.005844
0.006139
0.005320
0.005416
0.005767
0.006583
0.004621
0.005651
0.005970
0.005437
0.005759
0.006364
0.005440
0.005375
0.006168
0.006146
0.006440
0.004922
0.005191
0.004251
0.005382
0.005297
0.006047
0.005427
0.005974
0.006644
0.006064
0.005239
0.005912
0.004683
0.005228
0.005717
0.005867
0.005980
0.005153
0.005255
0.005257
0.005875
0.013903
0.018789
0.013254
0.005606
0.005771
0.006433
0.006839
0.005346
0.006562
0.005876
0.004675
0.006777
0.005347
0.005381
0.004870
0.005668
0.006795
0.005226
0.005527
0.005352
0.005122
0.006580
0.005807
0.005225
0.005726
0.009578
0.006377
0.005706
0.005712
0.005632
0.006060
0.005207
0.005452
0.005582
0.005611
0.005427
0.005768
0.004866
0.005407
0.005316
0.005549
0.005898
0.005253
0.005306
0.006645
0.005774
0.005746
0.005243
0.005158
0.005804
0.007214
0.005146
0.006127
0.005575
0.005114
0.005602
0.005197
0.004955
0.005821
0.005410
0.005595
0.005936
0.005597
0.006025
0.005991
0.006381
0.005583
0.005639
0.004931
0.005878
0.004175
0.006162
0.005376
0.006060
0.006239
0.005436
0.005940
0.006725
0.006052
0.004886
0.005354
0.005243
0.006596
0.006653
0.005605
0.005964
0.005571
0.005074
0.005694
0.005279
0.005665
0.005046
0.005335
0.005665
0.005026
0.005064
0.005235
0.005142
0.007211
0.004781
0.005183
0.005417
0.006774
0.006723
0.004347
0.006014
0.005831
0.005839
0.004777
0.005716
0.005459
0.005208
0.005336
0.005516
0.006367
0.005777
0.005169
0.005187
0.005827
0.007638
0.005130
0.006267
0.005481
0.006877
0.006114
0.005995
0.003562
0.005513
0.006243
0.006128
0.004920
0.005554
0.005367
0.005009
0.005122
0.014140
0.015407
0.013098
0.005797
0.006056
0.005889
0.006012
0.004300
0.006589
0.005290
0.006713
0.005692
0.005135
0.006067
0.006224
0.007781
0.004586
0.005242
0.005520
0.005056
0.006133
0.005146
0.005590
0.005324
0.005079
0.005663
0.005294
0.005640
0.005833
0.005997
0.005387
0.004977
0.005782
0.004728
0.004316
0.004733
0.004689
0.004134
0.005029
0.005508
0.005217
0.006564
0.005877
0.004945
0.005278
0.006683
0.005653
0.004849
0.005022
0.005572
0.006604
0.006729
0.006701
0.005276
0.006827
0.004510
0.005500
0.005541
0.004741
0.012430
0.011204
0.006117
0.004849
0.004765
0.004841
0.005583
0.004743
0.006069
0.006341
0.006239
0.005517
0.005358
0.005697
0.005561
0.006154
0.005699
0.005265
0.005901
0.005641
0.005799
0.005386
0.005953
0.004495
0.005360
0.005526
0.005228
0.006763
0.006779
0.005922
0.005500
0.005382
0.004044
0.005221
0.005602
0.006320
0.005951
0.004582
0.005385
0.004952
0.005771
0.005954
0.005794
0.005966
0.005581
0.005542
0.005028
0.007565
0.004619
0.006225
0.004922
0.005834
0.007202
0.004802
0.005837
0.004826
0.005359
0.007020
0.006135
0.006121
0.005011
0.005994
0.005226
0.005417
0.005372
0.004955
0.005623
0.004704
0.005907
0.006086
0.006710
0.005009
0.005672
0.006425
0.014619
0.012385
0.014637
0.012492
0.005772
0.005574
0.005722
0.005502
0.005273
0.005774
0.004906
0.005669
0.005522
0.004697
0.005737
0.006002
0.005831
0.006066
0.006617
0.005135
0.005775
0.005342
0.005128
0.006499
0.005583
0.005823
0.004439
0.005369
0.005437
0.006398
0.006035
0.005689
0.006395
0.005706
0.005692
0.004998
0.005604
0.005513
0.004673
0.004799
0.006724
0.004760
0.004593
0.005114
0.005471
0.004929
0.005260
0.005127
0.006004
0.005593
0.005400
0.005565
0.005924
0.006593
0.005187
0.005806
0.006425
0.005030
0.006101
0.005513
0.008513
0.011195
0.010278
0.006040
0.005131
0.005228
0.005220
0.005969
0.005713
0.004793
0.004959
0.006278
0.004944
0.006138
0.005602
0.005027
0.005269
0.005127
0.006152
0.005640
0.006813
0.005738
0.004460
0.006314
0.004927
0.005042
0.005575
0.005336
0.005049
0.005497
0.004394
0.005962
0.005290
0.005279
0.005349
0.005209
0.006572
0.004749
0.004974
0.004821
0.005549
0.005778
0.005922
0.004742
0.013256
0.010649
0.007030
0.005691
0.005933
0.006114
0.005072
0.005396
0.005125
0.006592
0.004973
0.005858
0.005188
0.005710
0.005459
0.008039
0.012760
0.006557
0.005221
0.006665
0.006055
0.006108
0.006262
0.006299
0.005836
0.005711
0.004933
0.005179
0.004801
0.014229
0.014893
0.015858
0.018089
0.005026
0.005870
0.005457
0.005519
0.005260
0.006220
0.004971
0.006714
0.006002
0.004761
0.005070
0.006589
0.005069
0.006009
0.005327
0.005622
0.005549
0.005323
0.005032
0.005540
0.005140
0.005197
0.004604
0.004566
0.004766
0.006683
0.005485
0.005834
0.004627
0.006497
0.005454
0.006015
0.005012
0.005752
0.004945
0.005569
0.004647
0.006367
0.005204
0.005202
0.005094
0.005075
0.005679
0.005453
0.006213
0.005407
0.004492
0.004797
0.005904
0.006308
0.006109
0.004910
0.005650
0.005275
0.005547
0.005018
0.005735
0.005997
0.004803
0.005095
0.005372
0.005387
0.005929
0.006160
0.004415
0.005824
0.006093
0.005982
0.005600
0.005201
0.006202
0.006536
0.007231
0.006765
0.004966
0.005885
0.006387
0.006314
0.005591
0.005055
0.005137
0.005241
0.006310
0.005994
0.005320
0.005037
0.005607
0.004467
0.005594
0.005960
0.005833
0.005176
0.005721
0.006185
0.005935
0.005022
0.005868
0.006508
0.005936
0.006199
0.005169
0.005023
0.004843
0.005397
0.006138
0.006869
0.006423
0.005904
0.005921
0.005813
0.004704
0.005981
0.004156
0.005454
0.005718
0.006937
0.005811
0.005347
0.005643
0.005171
0.006593
0.006476
0.005821
0.005817
0.004967
0.005289
0.006569
0.004924
0.005381
0.005974
0.005735
0.005953
0.005670
0.009610
0.014573
0.009347
0.004712
0.005650
0.004940
0.006785
0.005035
0.005836
0.004708
0.004749
0.005962
0.006610
0.004450
0.005941
0.005941
0.005791
0.005078
0.005765
0.005759
0.005420
0.005375
0.005376
0.004952
0.006877
0.005771
0.005736
0.004839
0.004995
0.006282
0.004759
0.005591
0.006249
0.004805
0.005770
0.004950
0.005631
0.004729
0.005346
0.005424
0.006489
0.006389
0.004726
0.006448
0.005913
0.005036
0.004434
0.006376
0.005958
0.005838
0.005555
0.007042
0.005368
0.005751
0.005193
0.005455
0.005593
0.006164
0.006172
0.005187
0.005741
0.004386
0.005504
0.005045
0.004400
0.006094
0.005228
0.006135
0.005126
0.006515
0.005605
0.006370
0.006033
0.005087
0.005927
0.004648
0.006041
0.006477
0.005267
0.006032
0.005478
0.005655
0.005243
0.006103
0.006027
0.005255
0.006608
0.005484
0.005200
0.005525
0.005078
0.005680
0.006153
0.005018
0.006343
0.006061
0.006474
0.004992
0.005548
0.005971
0.005846
0.005693
0.004329
0.006499
0.005621
0.006812
0.006140
0.004905
0.003861
0.004989
0.005795
0.006041
0.006621
0.006180
0.005593
0.005219
0.005214
0.005399
0.005531
0.005883
0.005935
0.004837
0.006205
0.005136
0.004869
0.005111
0.005890
0.005575
0.004334
0.005965
0.014137
0.011869
0.011091
0.013633
0.005450
0.005610
0.005650
0.005959
0.005267
0.004862
0.004990
0.006081
0.005671
0.005487
0.006141
0.005857
0.005710
0.005459
0.005741
0.005002
0.005081
0.005213
0.005344
0.006050
0.005546
0.005106
0.004843
0.005783
0.005225
0.004844
0.005515
0.005584
0.005952
0.005836
0.006166
0.005423
0.006508
0.005426
0.006160
0.005138
0.005523
0.006189
0.004907
0.005781
0.006262
0.005712
0.005009
0.006311
0.005575
0.005457
0.006388
0.005691
0.006131
0.005506
0.006549
0.005683
0.005174
0.006677
0.006042
0.005186
0.005459
0.006614
0.006257
0.007054
0.006179
0.004252
0.005003
0.008165
0.006558
0.005714
0.005563
0.005996
0.006671
0.005359
0.005266
0.004771
0.006686
0.004590
0.005995
0.005034
0.006186
0.005762
0.005633
0.006774
0.005753
0.005294
0.006124
0.005121
0.006086
0.005279
0.005348
0.005911
0.005865
0.006435
0.005051
0.004785
0.005417
0.005834
0.005437
0.005671
0.006093
0.005062
0.006199
0.005471
0.005559
0.005968
0.006617
0.005917
0.007040
0.006180
0.005571
0.007028
0.005547
0.005258
0.005373
0.006254
0.005262
0.005603
0.004840
0.006066
0.005757
0.005239
0.005696
0.006065
0.005144
0.004182
0.007010
0.005072
0.005703
0.012342
0.009733
0.004923
0.005996
0.005616
0.014582
0.014403
0.013680
0.014169
0.005048
0.006045
0.005563
0.005797
0.005464
0.005705
0.004815
0.005800
0.005949
0.005264
0.007289
0.005673
0.006221
0.005631
0.005708
0.005319
0.005814
0.005006
0.005768
0.005786
0.005841
0.006846
0.006319
0.006123
0.005825
0.005762
0.006200
0.005958
0.005025
0.005426
0.005595
0.004497
0.005495
0.004736
0.006274
0.005946
0.005579
0.005888
0.006201
0.005552
0.005920
0.006068
0.005290
0.006398
0.005473
0.004941
0.005722
0.005482
0.005485
0.006055
0.005031
0.005938
0.005212
0.004713
0.005429
0.006092
0.010050
0.005934
0.006917
0.005545
0.008578
0.013267
0.012325
0.013782
0.012781
0.013790
0.013067
0.013109
0.013098
0.012278
0.013094
0.011187
0.012987
0.010435
0.004980
0.005299
0.005611
0.004467
0.005467
0.005256
0.012107
0.006175
0.006157
0.006236
0.004787
0.012542
0.004854
0.005731
0.005261
0.005855
0.005276
0.005076
0.005825
0.005115
0.012976
0.005997
0.005922
0.005822
0.005272
0.005791
0.004945
0.004626
0.005892
0.005323
0.005127
0.004706
0.004479
0.005056
0.005268
0.005258
0.006016
0.006862
0.004351
0.006788
0.006171
0.005677
0.007219
0.005363
0.005392
0.005345
0.006528
0.008769
0.015093
0.015091
0.012808
